package,method,device,dim,sample_size,grid_points,fit_time_s,eval_time_s,total_time_s,ok
scipy,scott,cpu,1,100,500,0.0002764689270406,0.0097040019463747,0.0099804708734154,True
scipy,scott,cpu,1,100,500,0.0001821320038288,0.0098061820026487,0.0099883140064775,True
scipy,scott,cpu,1,100,500,0.0001712208613753,0.0048501219134777,0.0050213427748531,True
scipy,scott,cpu,1,100,500,0.000176239060238,0.0088017708621919,0.0089780099224299,True
scipy,scott,cpu,1,100,500,0.0002256920561194,0.0067552130203694,0.0069809050764888,True
scipy,scott,cpu,1,100,500,0.0001716208644211,0.0050056148320436,0.0051772356964647,True
scipy,scott,cpu,1,100,500,0.0001748399809002,0.008636036189273,0.0088108761701732,True
scipy,scott,cpu,1,100,500,0.0001688278280198,0.0098282699473202,0.00999709777534,True
scipy,scott,cpu,1,100,500,0.0001670578494668,0.0418535680510103,0.0420206259004771,True
scipy,scott,cpu,1,100,500,0.0002314848825335,0.006735173985362,0.0069666588678956,True
sklearn,scott,cpu,1,100,500,0.0003336600493639,0.0023689039517194,0.0027025640010833,True
sklearn,scott,cpu,1,100,500,0.0003071250393986,0.0023655071854591,0.0026726322248578,True
sklearn,scott,cpu,1,100,500,0.0003038831055164,0.0023495180066674,0.0026534011121839,True
sklearn,scott,cpu,1,100,500,0.0003075671847909,0.0023603120353072,0.0026678792200982,True
sklearn,scott,cpu,1,100,500,0.0002987959887832,0.0023578628897666,0.0026566588785499,True
sklearn,scott,cpu,1,100,500,0.0002991049550473,0.0023679349105805,0.0026670398656278,True
sklearn,scott,cpu,1,100,500,0.000304457033053,0.0023543438874185,0.0026588009204715,True
sklearn,scott,cpu,1,100,500,0.0002970499917864,0.0023715058341622,0.0026685558259487,True
sklearn,scott,cpu,1,100,500,0.0002962939906865,0.002354976022616,0.0026512700133025,True
sklearn,scott,cpu,1,100,500,0.0003036221023648,0.0023552880156785,0.0026589101180434,True
statsmodels,scott,cpu,1,100,500,1.7832964658737183e-05,0.0012976489961147,0.0013154819607734,True
statsmodels,scott,cpu,1,100,500,1.1655036360025406e-05,0.0012430620845407,0.0012547171209007,True
statsmodels,scott,cpu,1,100,500,1.113186590373516e-05,0.001239791046828,0.0012509229127317,True
statsmodels,scott,cpu,1,100,500,1.230393536388874e-05,0.0012344890274107,0.0012467929627746,True
statsmodels,scott,cpu,1,100,500,1.1240830644965172e-05,0.0012353169731795,0.0012465578038245,True
statsmodels,scott,cpu,1,100,500,1.1107884347438812e-05,0.0012309378944337,0.0012420457787811,True
statsmodels,scott,cpu,1,100,500,1.116306520998478e-05,0.0229076349642127,0.0229187980294227,True
statsmodels,scott,cpu,1,100,500,1.782807521522045e-05,0.0013084639795124,0.0013262920547276,True
statsmodels,scott,cpu,1,100,500,1.2153992429375648e-05,0.0012366990558803,0.0012488530483096,True
statsmodels,scott,cpu,1,100,500,1.1319993063807487e-05,0.0012392250355333,0.0012505450285971,True
kdepy,scott,cpu,1,100,500,0.0003068351652473,0.0010412260890007,0.001348061254248,True
kdepy,scott,cpu,1,100,500,0.0003007450141012,0.0009953090921044,0.0012960541062057,True
kdepy,scott,cpu,1,100,500,0.0002833441831171,0.0009918601717799,0.0012752043548971,True
kdepy,scott,cpu,1,100,500,0.0002848808653652,0.0011190380901098,0.001403918955475,True
kdepy,scott,cpu,1,100,500,0.0002373540773987,0.0007297799456864,0.0009671340230852,True
kdepy,scott,cpu,1,100,500,0.0002274429425597,0.0007300910074263,0.0009575339499861,True
kdepy,scott,cpu,1,100,500,0.0002196959685534,0.000723754055798,0.0009434500243514,True
kdepy,scott,cpu,1,100,500,0.0002118679694831,0.0007963478565216,0.0010082158260047,True
kdepy,scott,cpu,1,100,500,0.0002134819515049,0.0007285228930413,0.0009420048445463,True
kdepy,scott,cpu,1,100,500,0.0002142540179193,0.0008121209684759,0.0010263749863952,True
kdepy,ISJ,cpu,1,100,500,0.003056698013097,0.0007453521247953,0.0038020501378923,True
kdepy,ISJ,cpu,1,100,500,0.0031490949913859,0.0008109230548143,0.0039600180462002,True
kdepy,ISJ,cpu,1,100,500,0.0030560248997062,0.0007164101116359,0.0037724350113421,True
kdepy,ISJ,cpu,1,100,500,0.0030518639832735,0.0011397320777177,0.0041915960609912,True
kdepy,ISJ,cpu,1,100,500,0.0031770940404385,0.0007978589273989,0.0039749529678374,True
kdepy,ISJ,cpu,1,100,500,0.003158716019243,0.0007304761093109,0.0038891921285539,True
kdepy,ISJ,cpu,1,100,500,0.0030028719920665,0.0007146629504859,0.0037175349425524,True
kdepy,ISJ,cpu,1,100,500,0.0030275611206889,0.0007157940417528,0.0037433551624417,True
kdepy,ISJ,cpu,1,100,500,0.0030152001418173,0.0007144319824874,0.0037296321243047,True
kdepy,ISJ,cpu,1,100,500,0.0029811230488121,0.0007092650048434,0.0036903880536556,True
parallelkdepy,parallelEstimator,cpu,1,100,500,7.758848369121552e-06,0.4528280568774789,0.4528358157258481,True
parallelkdepy,parallelEstimator,cpu,1,100,500,4.477100446820259e-06,0.4939940790645778,0.4939985561650246,True
parallelkdepy,parallelEstimator,cpu,1,100,500,5.988171324133873e-06,0.4498372271191329,0.449843215290457,True
parallelkdepy,parallelEstimator,cpu,1,100,500,5.562091246247292e-06,0.4550463240593672,0.4550518861506134,True
parallelkdepy,parallelEstimator,cpu,1,100,500,5.184207111597061e-06,0.4854733939282596,0.4854785781353712,True
parallelkdepy,parallelEstimator,cpu,1,100,500,4.950910806655884e-06,0.4662308150436729,0.4662357659544796,True
parallelkdepy,parallelEstimator,cpu,1,100,500,6.143935024738312e-06,0.4874099949374795,0.4874161388725042,True
parallelkdepy,parallelEstimator,cpu,1,100,500,4.844041541218758e-06,0.5084700270090252,0.5084748710505664,True
parallelkdepy,parallelEstimator,cpu,1,100,500,4.5869965106248856e-06,0.4977992121130228,0.4978037991095334,True
parallelkdepy,parallelEstimator,cpu,1,100,500,4.932982847094536e-06,0.4861575160175562,0.4861624490004033,True
parallelkdepy,parallelEstimator,cuda,1,100,500,6.466871127486229e-06,0.1248906690161675,0.124897135887295,True
parallelkdepy,parallelEstimator,cuda,1,100,500,4.930887371301651e-06,0.2850267691537738,0.2850317000411451,True
parallelkdepy,parallelEstimator,cuda,1,100,500,5.10411337018013e-06,0.1202982019167393,0.1203033060301095,True
parallelkdepy,parallelEstimator,cuda,1,100,500,4.358123987913132e-06,0.1249357839114964,0.1249401420354843,True
parallelkdepy,parallelEstimator,cuda,1,100,500,4.525994881987572e-06,0.1241309510078281,0.1241354770027101,True
parallelkdepy,parallelEstimator,cuda,1,100,500,4.141824319958687e-06,0.1237285700626671,0.123732711886987,True
parallelkdepy,parallelEstimator,cuda,1,100,500,4.706904292106628e-06,0.133351954864338,0.1333566617686301,True
parallelkdepy,parallelEstimator,cuda,1,100,500,4.021916538476944e-06,0.1291971169412136,0.129201138857752,True
parallelkdepy,parallelEstimator,cuda,1,100,500,3.939028829336166e-06,0.1333186018746346,0.1333225409034639,True
parallelkdepy,parallelEstimator,cuda,1,100,500,4.325062036514282e-06,0.1884410169441253,0.1884453420061618,True
parallelkdepy,rotEstimator,cpu,1,100,500,5.878042429685593e-06,0.0004901159554719,0.0004959939979016,True
parallelkdepy,rotEstimator,cpu,1,100,500,2.9730144888162613e-06,0.0003351208288222,0.000338093843311,True
parallelkdepy,rotEstimator,cpu,1,100,500,2.2959429770708084e-06,0.0002171238884329,0.00021941983141,True
parallelkdepy,rotEstimator,cpu,1,100,500,2.6868656277656555e-06,0.0002189159858971,0.0002216028515249,True
parallelkdepy,rotEstimator,cpu,1,100,500,1.9050203263759613e-06,0.0002042518462985,0.0002061568666249,True
parallelkdepy,rotEstimator,cpu,1,100,500,1.8328428268432615e-06,0.0001998979132622,0.000201730756089,True
parallelkdepy,rotEstimator,cpu,1,100,500,1.7459969967603683e-06,0.0001989109441637,0.0002006569411605,True
parallelkdepy,rotEstimator,cpu,1,100,500,1.7229467630386353e-06,0.0002271430566906,0.0002288660034537,True
parallelkdepy,rotEstimator,cpu,1,100,500,1.92900188267231e-06,0.0002052998170256,0.0002072288189083,True
parallelkdepy,rotEstimator,cpu,1,100,500,1.743203029036522e-06,0.0001992329489439,0.000200976151973,True
parallelkdepy,rotEstimator,cuda,1,100,500,5.592824891209602e-06,0.0045446269214153,0.0045502197463065,True
parallelkdepy,rotEstimator,cuda,1,100,500,3.3990945667028427e-06,0.004259601002559,0.0042630000971257,True
parallelkdepy,rotEstimator,cuda,1,100,500,3.4479890018701558e-06,0.0043307810556143,0.0043342290446162,True
parallelkdepy,rotEstimator,cuda,1,100,500,4.326924681663513e-06,0.0049370590131729,0.0049413859378546,True
parallelkdepy,rotEstimator,cuda,1,100,500,3.346940502524376e-06,0.0047147299628704,0.004718076903373,True
parallelkdepy,rotEstimator,cuda,1,100,500,3.325054422020912e-06,0.004929413087666,0.004932738142088,True
parallelkdepy,rotEstimator,cuda,1,100,500,3.837049007415772e-06,0.0051079629920423,0.0051118000410497,True
parallelkdepy,rotEstimator,cuda,1,100,500,3.662891685962677e-06,0.0049301239196211,0.004933786811307,True
parallelkdepy,rotEstimator,cuda,1,100,500,4.277797415852547e-06,0.0050523260142654,0.0050566038116812,True
parallelkdepy,rotEstimator,cuda,1,100,500,3.522029146552086e-06,0.0050703159067779,0.0050738379359245,True
xentropy,botev,cpu,1,100,500,3.7241261452436447e-06,0.0006937601137906,0.0006974842399358,True
xentropy,botev,cpu,1,100,500,1.0880175977945328e-06,0.0007291820365935,0.0007302700541913,True
xentropy,botev,cpu,1,100,500,9.781215339899063e-07,0.0006443918682634,0.0006453699897974,True
xentropy,botev,cpu,1,100,500,9.690411388874054e-07,0.0006413860246539,0.0006423550657927,True
xentropy,botev,cpu,1,100,500,7.669441401958466e-07,0.001670803874731,0.0016715708188712,True
xentropy,botev,cpu,1,100,500,7.869675755500793e-07,0.0006517148576676,0.0006525018252432,True
xentropy,botev,cpu,1,100,500,8.270144462585449e-07,0.0014695560093969,0.0014703830238431,True
xentropy,botev,cpu,1,100,500,8.291099220514297e-07,0.0048005231656134,0.0048013522755354,True
xentropy,botev,cpu,1,100,500,9.511131793260574e-07,0.000661683967337,0.0006626350805163,True
xentropy,botev,cpu,1,100,500,9.210780262947084e-07,0.3772268039174378,0.3772277249954641,True
scipy,scott,cpu,1,1000,500,0.0002773429732769,0.0133733330294489,0.0136506760027259,True
scipy,scott,cpu,1,1000,500,0.0002008168958127,0.0205488880164921,0.0207497049123048,True
scipy,scott,cpu,1,1000,500,0.0003033739048987,0.0149732250720262,0.015276598976925,True
scipy,scott,cpu,1,1000,500,0.0002913118805736,0.0172477420419454,0.017539053922519,True
scipy,scott,cpu,1,1000,500,0.0002854191698133,0.0146336131729185,0.0149190323427319,True
scipy,scott,cpu,1,1000,500,0.0002985880710184,0.0120611069723963,0.0123596950434148,True
scipy,scott,cpu,1,1000,500,0.0002324969973415,0.0157247970346361,0.0159572940319776,True
scipy,scott,cpu,1,1000,500,0.0002159879077225,0.020237528020516,0.0204535159282386,True
scipy,scott,cpu,1,1000,500,0.0002503250725567,0.013495277846232,0.0137456029187887,True
scipy,scott,cpu,1,1000,500,0.0002275579608976,0.0158331429120153,0.016060700872913,True
sklearn,scott,cpu,1,1000,500,0.0004886928945779,0.0135161709040403,0.0140048637986183,True
sklearn,scott,cpu,1,1000,500,0.0004774860572069,0.0134310808498412,0.0139085669070482,True
sklearn,scott,cpu,1,1000,500,0.0004659090191125,0.0135342380963265,0.0140001471154391,True
sklearn,scott,cpu,1,1000,500,0.0004760238807648,0.0136029140558093,0.0140789379365742,True
sklearn,scott,cpu,1,1000,500,0.0004524800460785,0.0120727089233696,0.0125251889694482,True
sklearn,scott,cpu,1,1000,500,0.0003649960272014,0.0091489600017666,0.009513956028968,True
sklearn,scott,cpu,1,1000,500,0.0003329978790134,0.009113254956901,0.0094462528359144,True
sklearn,scott,cpu,1,1000,500,0.0003756850492209,0.0089130140841007,0.0092886991333216,True
sklearn,scott,cpu,1,1000,500,0.0003380361013114,0.0089489091187715,0.0092869452200829,True
sklearn,scott,cpu,1,1000,500,0.0003203589003533,0.0089331769850105,0.0092535358853638,True
statsmodels,scott,cpu,1,1000,500,2.4482840672135356e-05,0.0063595089595764,0.0063839918002486,True
statsmodels,scott,cpu,1,1000,500,2.2546155378222466e-05,0.0059883689973503,0.0060109151527285,True
statsmodels,scott,cpu,1,1000,500,2.368912100791931e-05,0.0064047360792756,0.0064284252002835,True
statsmodels,scott,cpu,1,1000,500,2.256385050714016e-05,0.0060470530297607,0.0060696168802678,True
statsmodels,scott,cpu,1,1000,500,2.202391624450684e-05,0.0059529091231524,0.005974933039397,True
statsmodels,scott,cpu,1,1000,500,2.13750172406435e-05,0.0059409199748188,0.0059622949920594,True
statsmodels,scott,cpu,1,1000,500,2.130097709596157e-05,0.0058152989950031,0.005836599972099,True
statsmodels,scott,cpu,1,1000,500,2.220598980784416e-05,0.0059327140916138,0.0059549200814217,True
statsmodels,scott,cpu,1,1000,500,2.1757790818810463e-05,0.0062722600996494,0.0062940178904682,True
statsmodels,scott,cpu,1,1000,500,2.1487008780241013e-05,0.005839403020218,0.0058608900289982,True
kdepy,scott,cpu,1,1000,500,0.0002462419215589,0.0006549039389938,0.0009011458605527,True
kdepy,scott,cpu,1,1000,500,0.0002521940041333,0.0006539039313793,0.0009060979355126,True
kdepy,scott,cpu,1,1000,500,0.0002509879413992,0.0006515937857329,0.0009025817271322,True
kdepy,scott,cpu,1,1000,500,0.0002535849343985,0.000649054069072,0.0009026390034705,True
kdepy,scott,cpu,1,1000,500,0.0002539830747991,0.0006441678851842,0.0008981509599834,True
kdepy,scott,cpu,1,1000,500,0.0002526589669287,0.0006648960988968,0.0009175550658255,True
kdepy,scott,cpu,1,1000,500,0.000246147159487,0.0006503120530396,0.0008964592125266,True
kdepy,scott,cpu,1,1000,500,0.0002428612206131,0.0006541640032082,0.0008970252238214,True
kdepy,scott,cpu,1,1000,500,0.0002459939569234,0.000778037123382,0.0010240310803055,True
kdepy,scott,cpu,1,1000,500,0.0002469439059495,0.000653418013826,0.0009003619197756,True
kdepy,ISJ,cpu,1,1000,500,0.0041028161067515,0.0007852769922465,0.004888093098998,True
kdepy,ISJ,cpu,1,1000,500,0.0042248859535902,0.0007669560145586,0.0049918419681489,True
kdepy,ISJ,cpu,1,1000,500,0.0040925899520516,0.0007576900534331,0.0048502800054848,True
kdepy,ISJ,cpu,1,1000,500,0.0041098049841821,0.0007719101849943,0.0048817151691764,True
kdepy,ISJ,cpu,1,1000,500,0.0042235141154378,0.0007388440426439,0.0049623581580817,True
kdepy,ISJ,cpu,1,1000,500,0.0040661881212145,0.0008071828633546,0.0048733709845691,True
kdepy,ISJ,cpu,1,1000,500,0.0042407820001244,0.0007774401456117,0.0050182221457362,True
kdepy,ISJ,cpu,1,1000,500,0.0043675880879163,0.0008109698537737,0.00517855794169,True
kdepy,ISJ,cpu,1,1000,500,0.0042034701909869,0.0007632921915501,0.0049667623825371,True
kdepy,ISJ,cpu,1,1000,500,0.0042818519286811,0.0008247660007327,0.0051066179294139,True
parallelkdepy,parallelEstimator,cpu,1,1000,500,6.5909698605537415e-06,0.469905047910288,0.4699116388801485,True
parallelkdepy,parallelEstimator,cpu,1,1000,500,4.741828888654709e-06,0.4736448728945106,0.4736496147233993,True
parallelkdepy,parallelEstimator,cpu,1,1000,500,4.406087100505829e-06,0.4843485888559371,0.4843529949430376,True
parallelkdepy,parallelEstimator,cpu,1,1000,500,4.740897566080093e-06,0.4825844671577215,0.4825892080552876,True
parallelkdepy,parallelEstimator,cpu,1,1000,500,4.695029929280281e-06,0.4795564541127532,0.4795611491426825,True
parallelkdepy,parallelEstimator,cpu,1,1000,500,5.185836926102638e-06,0.4677713811397552,0.4677765669766813,True
parallelkdepy,parallelEstimator,cpu,1,1000,500,5.107838660478592e-06,0.4784286881331354,0.4784337959717959,True
parallelkdepy,parallelEstimator,cpu,1,1000,500,4.802132025361061e-06,0.4727597229648381,0.4727645250968635,True
parallelkdepy,parallelEstimator,cpu,1,1000,500,5.2140094339847565e-06,0.4908582710195333,0.4908634850289672,True
parallelkdepy,parallelEstimator,cpu,1,1000,500,5.187001079320908e-06,0.4733357289806008,0.4733409159816801,True
parallelkdepy,parallelEstimator,cuda,1,1000,500,5.016103386878967e-06,0.1426449250429868,0.1426499411463737,True
parallelkdepy,parallelEstimator,cuda,1,1000,500,5.431938916444778e-06,0.1188335120677948,0.1188389440067112,True
parallelkdepy,parallelEstimator,cuda,1,1000,500,4.437984898686409e-06,0.1211576741188764,0.1211621121037751,True
parallelkdepy,parallelEstimator,cuda,1,1000,500,4.138099029660225e-06,0.1207987738307565,0.1208029119297862,True
parallelkdepy,parallelEstimator,cuda,1,1000,500,4.55114059150219e-06,0.1590880749281495,0.159092626068741,True
parallelkdepy,parallelEstimator,cuda,1,1000,500,4.186062142252922e-06,0.162475483957678,0.1624796700198203,True
parallelkdepy,parallelEstimator,cuda,1,1000,500,5.054054781794548e-06,0.1194879480171948,0.1194930020719766,True
parallelkdepy,parallelEstimator,cuda,1,1000,500,4.473840817809105e-06,0.1195029751397669,0.1195074489805847,True
parallelkdepy,parallelEstimator,cuda,1,1000,500,4.366040229797363e-06,0.1203558652196079,0.1203602312598377,True
parallelkdepy,parallelEstimator,cuda,1,1000,500,4.674075171351433e-06,0.1244018990546464,0.1244065731298178,True
parallelkdepy,rotEstimator,cpu,1,1000,500,2.593966200947761e-06,0.0004973858594894,0.0004999798256903,True
parallelkdepy,rotEstimator,cpu,1,1000,500,2.1029263734817505e-06,0.0004938610363751,0.0004959639627486,True
parallelkdepy,rotEstimator,cpu,1,1000,500,2.2191088646650314e-06,0.0004923320375382,0.0004945511464029,True
parallelkdepy,rotEstimator,cpu,1,1000,500,2.1760351955890656e-06,0.0004844758659601,0.0004866519011557,True
parallelkdepy,rotEstimator,cpu,1,1000,500,2.1830201148986816e-06,0.0004741179291158,0.0004763009492307,True
parallelkdepy,rotEstimator,cpu,1,1000,500,2.152053639292717e-06,0.0004788511432707,0.00048100319691,True
parallelkdepy,rotEstimator,cpu,1,1000,500,1.9979197531938557e-06,0.0004710268694907,0.0004730247892439,True
parallelkdepy,rotEstimator,cpu,1,1000,500,1.99698843061924e-06,0.0004755498375743,0.0004775468260049,True
parallelkdepy,rotEstimator,cpu,1,1000,500,2.0491424947977066e-06,0.0004661290440708,0.0004681781865656,True
parallelkdepy,rotEstimator,cpu,1,1000,500,1.9939616322517395e-06,0.0004896470345556,0.0004916409961879,True
parallelkdepy,rotEstimator,cuda,1,1000,500,5.810055881738663e-06,0.0044083439279347,0.0044141539838165,True
parallelkdepy,rotEstimator,cuda,1,1000,500,3.86405736207962e-06,0.0043835940305143,0.0043874580878764,True
parallelkdepy,rotEstimator,cuda,1,1000,500,4.082918167114258e-06,0.0044890989083796,0.0044931818265467,True
parallelkdepy,rotEstimator,cuda,1,1000,500,4.217028617858887e-06,0.004478724906221,0.0044829419348388,True
parallelkdepy,rotEstimator,cuda,1,1000,500,4.178844392299652e-06,0.0044031008146703,0.0044072796590626,True
parallelkdepy,rotEstimator,cuda,1,1000,500,3.7339050322771072e-06,0.0046475389972329,0.0046512729022651,True
parallelkdepy,rotEstimator,cuda,1,1000,500,4.350906237959862e-06,0.0044873098377138,0.0044916607439517,True
parallelkdepy,rotEstimator,cuda,1,1000,500,4.443107172846794e-06,0.0579205099493265,0.0579249530564993,True
parallelkdepy,rotEstimator,cuda,1,1000,500,4.792120307683945e-06,0.0043514601420611,0.0043562522623687,True
parallelkdepy,rotEstimator,cuda,1,1000,500,4.1709281504154205e-06,0.0040832299273461,0.0040874008554965,True
xentropy,botev,cpu,1,1000,500,1.6510020941495895e-06,0.0008776071481406,0.0008792581502348,True
xentropy,botev,cpu,1,1000,500,9.599607437849045e-07,0.0008592649828642,0.000860224943608,True
xentropy,botev,cpu,1,1000,500,8.35862010717392e-07,0.000860831933096,0.0008616677951067,True
xentropy,botev,cpu,1,1000,500,8.170027285814285e-07,0.0028678041417151,0.0028686211444437,True
xentropy,botev,cpu,1,1000,500,7.878988981246948e-07,0.0008508379105478,0.0008516258094459,True
xentropy,botev,cpu,1,1000,500,9.019859135150908e-07,0.0008526318706572,0.0008535338565707,True
xentropy,botev,cpu,1,1000,500,8.849892765283585e-07,0.0008445389103144,0.0008454238995909,True
xentropy,botev,cpu,1,1000,500,7.478520274162292e-07,0.0045729051344096,0.004573652986437,True
xentropy,botev,cpu,1,1000,500,9.019859135150908e-07,0.0008734969887882,0.0008743989747017,True
xentropy,botev,cpu,1,1000,500,8.579809218645096e-07,0.0008632941171526,0.0008641520980745,True
scipy,scott,cpu,1,10000,500,0.0002984921447932,0.1071507129818201,0.1074492051266133,True
scipy,scott,cpu,1,10000,500,0.0002999391872435,0.1095683679450303,0.1098683071322739,True
scipy,scott,cpu,1,10000,500,0.0002852871548384,0.1228902370203286,0.123175524175167,True
scipy,scott,cpu,1,10000,500,0.0002997759729623,0.1013806529808789,0.1016804289538413,True
scipy,scott,cpu,1,10000,500,0.0002816999331116,0.1030416288413107,0.1033233287744224,True
scipy,scott,cpu,1,10000,500,0.0002911908086389,0.1230545849539339,0.1233457757625728,True
scipy,scott,cpu,1,10000,500,0.0003058628644794,0.1153781809844076,0.115684043848887,True
scipy,scott,cpu,1,10000,500,0.00028568203561,0.1077552568167448,0.1080409388523548,True
scipy,scott,cpu,1,10000,500,0.0002948499750345,0.1104258878622204,0.110720737837255,True
scipy,scott,cpu,1,10000,500,0.0003382179420441,0.112241153139621,0.1125793710816651,True
sklearn,scott,cpu,1,10000,500,0.0016303479205816,0.0774377950001508,0.0790681429207325,True
sklearn,scott,cpu,1,10000,500,0.0016077701002359,0.0763263739645481,0.077934144064784,True
sklearn,scott,cpu,1,10000,500,0.0016328699421137,0.0766505431383848,0.0782834130804985,True
sklearn,scott,cpu,1,10000,500,0.0016038720495998,0.076116724172607,0.0777205962222069,True
sklearn,scott,cpu,1,10000,500,0.0016110788565129,0.0766278060618788,0.0782388849183917,True
sklearn,scott,cpu,1,10000,500,0.0015753309708088,0.0761308609507978,0.0777061919216066,True
sklearn,scott,cpu,1,10000,500,0.0016019220929592,0.0762675059959292,0.0778694280888885,True
sklearn,scott,cpu,1,10000,500,0.0015762099064886,0.0760499809402972,0.0776261908467859,True
sklearn,scott,cpu,1,10000,500,0.0016008848324418,0.0769680219236761,0.0785689067561179,True
sklearn,scott,cpu,1,10000,500,0.0015735530760139,0.0809069359675049,0.0824804890435189,True
statsmodels,scott,cpu,1,10000,500,2.4256063625216484e-05,0.2994388900697231,0.2994631461333483,True
statsmodels,scott,cpu,1,10000,500,2.3035099729895592e-05,0.1675086999312043,0.1675317350309342,True
statsmodels,scott,cpu,1,10000,500,2.271705307066441e-05,0.1462849739473313,0.1463076910004019,True
statsmodels,scott,cpu,1,10000,500,2.381508238613605e-05,0.1638536900281906,0.1638775051105767,True
statsmodels,scott,cpu,1,10000,500,2.2687017917633057e-05,0.1382450088858604,0.138267695903778,True
statsmodels,scott,cpu,1,10000,500,2.5487039238214493e-05,0.1420367418322712,0.1420622288715094,True
statsmodels,scott,cpu,1,10000,500,2.1390849724411964e-05,0.1197176708374172,0.1197390616871416,True
statsmodels,scott,cpu,1,10000,500,2.3183180019259453e-05,0.0917763849720358,0.0917995681520551,True
statsmodels,scott,cpu,1,10000,500,2.287700772285461e-05,0.0918369339779019,0.0918598109856247,True
statsmodels,scott,cpu,1,10000,500,2.6739900931715965e-05,0.0920456328894943,0.092072372790426,True
kdepy,scott,cpu,1,10000,500,0.0004516309127211,0.0008131379727274,0.0012647688854485,True
kdepy,scott,cpu,1,10000,500,0.0004390650428831,0.0008076620288193,0.0012467270717024,True
kdepy,scott,cpu,1,10000,500,0.0004367271903902,0.0008202288299798,0.0012569560203701,True
kdepy,scott,cpu,1,10000,500,0.000440021045506,0.0008065411821007,0.0012465622276067,True
kdepy,scott,cpu,1,10000,500,0.0004411551635712,0.0008056168444454,0.0012467720080167,True
kdepy,scott,cpu,1,10000,500,0.0004448338877409,0.000817738007754,0.001262571895495,True
kdepy,scott,cpu,1,10000,500,0.0004392708651721,0.0008101719431579,0.00124944280833,True
kdepy,scott,cpu,1,10000,500,0.0004428559914231,0.0008281059563159,0.0012709619477391,True
kdepy,scott,cpu,1,10000,500,0.0004444471560418,0.0008048999588936,0.0012493471149355,True
kdepy,scott,cpu,1,10000,500,0.0004340910818427,0.000810224097222,0.0012443151790648,True
kdepy,ISJ,cpu,1,10000,500,0.0040413809474557,0.0008605259936302,0.004901906941086,True
kdepy,ISJ,cpu,1,10000,500,0.0039997701533138,0.000842825975269,0.0048425961285829,True
kdepy,ISJ,cpu,1,10000,500,0.0038745801430195,0.000908387126401,0.0047829672694206,True
kdepy,ISJ,cpu,1,10000,500,0.0039166600909084,0.0008538700640201,0.0047705301549285,True
kdepy,ISJ,cpu,1,10000,500,0.0038270552176982,0.0008266950026154,0.0046537502203136,True
kdepy,ISJ,cpu,1,10000,500,0.0039259002078324,0.0008188779465854,0.0047447781544178,True
kdepy,ISJ,cpu,1,10000,500,0.0039621950127184,0.0008391430601477,0.0048013380728662,True
kdepy,ISJ,cpu,1,10000,500,0.0039190240204334,0.0008482460398226,0.0047672700602561,True
kdepy,ISJ,cpu,1,10000,500,0.0038958420045673,0.0008572288788855,0.0047530708834528,True
kdepy,ISJ,cpu,1,10000,500,0.0039194319397211,0.0008411239832639,0.004760555922985,True
parallelkdepy,parallelEstimator,cpu,1,10000,500,7.353024557232857e-06,0.6803795360028744,0.6803868890274316,True
parallelkdepy,parallelEstimator,cpu,1,10000,500,4.840083420276642e-06,0.682920855935663,0.6829256960190833,True
parallelkdepy,parallelEstimator,cpu,1,10000,500,4.9888622015714645e-06,0.6798184900544584,0.67982347891666,True
parallelkdepy,parallelEstimator,cpu,1,10000,500,5.258014425635338e-06,0.9989292758982627,0.9989345339126884,True
parallelkdepy,parallelEstimator,cpu,1,10000,500,5.382811650633812e-06,0.7211722400970757,0.7211776229087263,True
parallelkdepy,parallelEstimator,cpu,1,10000,500,5.459180101752281e-06,0.7030696358997375,0.7030750950798392,True
parallelkdepy,parallelEstimator,cpu,1,10000,500,5.427980795502663e-06,0.7072190111503005,0.707224439131096,True
parallelkdepy,parallelEstimator,cpu,1,10000,500,5.200039595365524e-06,0.692895398940891,0.6929005989804864,True
parallelkdepy,parallelEstimator,cpu,1,10000,500,4.685018211603165e-06,0.7009687980171293,0.7009734830353409,True
parallelkdepy,parallelEstimator,cpu,1,10000,500,5.105976015329361e-06,0.9980619130656124,0.9980670190416276,True
parallelkdepy,parallelEstimator,cuda,1,10000,500,6.060115993022919e-06,0.1329626468941569,0.1329687070101499,True
parallelkdepy,parallelEstimator,cuda,1,10000,500,4.799105226993561e-06,0.1371495479252189,0.1371543470304459,True
parallelkdepy,parallelEstimator,cuda,1,10000,500,5.034031346440315e-06,0.136755651095882,0.1367606851272285,True
parallelkdepy,parallelEstimator,cuda,1,10000,500,4.591187462210655e-06,0.1825967209879309,0.1826013121753931,True
parallelkdepy,parallelEstimator,cuda,1,10000,500,9.970040991902351e-06,0.1329586759675294,0.1329686460085213,True
parallelkdepy,parallelEstimator,cuda,1,10000,500,5.349051207304001e-06,0.1304791080765426,0.1304844571277499,True
parallelkdepy,parallelEstimator,cuda,1,10000,500,4.834961146116257e-06,0.129054585006088,0.1290594199672341,True
parallelkdepy,parallelEstimator,cuda,1,10000,500,4.410045221447945e-06,0.1307393638417124,0.1307437738869339,True
parallelkdepy,parallelEstimator,cuda,1,10000,500,4.014931619167328e-06,0.1398884691298008,0.1398924840614199,True
parallelkdepy,parallelEstimator,cuda,1,10000,500,4.532979801297188e-06,0.1974803989287465,0.1974849319085478,True
parallelkdepy,rotEstimator,cpu,1,10000,500,2.8889626264572144e-06,0.0034451731480658,0.0034480621106922,True
parallelkdepy,rotEstimator,cpu,1,10000,500,2.65706330537796e-06,0.0034209778532385,0.0034236349165439,True
parallelkdepy,rotEstimator,cpu,1,10000,500,2.4319160729646683e-06,0.0034155840985476,0.0034180160146206,True
parallelkdepy,rotEstimator,cpu,1,10000,500,2.215150743722916e-06,0.003692639991641,0.0036948551423847,True
parallelkdepy,rotEstimator,cpu,1,10000,500,2.430984750390053e-06,0.0033199230674654,0.0033223540522158,True
parallelkdepy,rotEstimator,cpu,1,10000,500,2.0691659301519394e-06,0.0032854340970516,0.0032875032629817,True
parallelkdepy,rotEstimator,cpu,1,10000,500,2.348097041249275e-06,0.0034104650840163,0.0034128131810575,True
parallelkdepy,rotEstimator,cpu,1,10000,500,2.7259811758995056e-06,0.0034245389979332,0.0034272649791091,True
parallelkdepy,rotEstimator,cpu,1,10000,500,2.253800630569458e-06,0.0033993041142821,0.0034015579149127,True
parallelkdepy,rotEstimator,cpu,1,10000,500,3.376975655555725e-06,0.0034552980214357,0.0034586749970912,True
parallelkdepy,rotEstimator,cuda,1,10000,500,4.647998139262199e-06,0.0050969531293958,0.0051016011275351,True
parallelkdepy,rotEstimator,cuda,1,10000,500,4.106899723410606e-06,0.0047008479014039,0.0047049548011273,True
parallelkdepy,rotEstimator,cuda,1,10000,500,3.664987161755562e-06,0.0045369490981101,0.0045406140852719,True
parallelkdepy,rotEstimator,cuda,1,10000,500,3.702007234096527e-06,0.0043894329573959,0.00439313496463,True
parallelkdepy,rotEstimator,cuda,1,10000,500,3.5741832107305527e-06,0.0047588360030204,0.0047624101862311,True
parallelkdepy,rotEstimator,cuda,1,10000,500,4.587927833199501e-06,0.0044949301518499,0.0044995180796831,True
parallelkdepy,rotEstimator,cuda,1,10000,500,3.151828423142433e-06,0.0042838060762733,0.0042869579046964,True
parallelkdepy,rotEstimator,cuda,1,10000,500,3.0370429158210754e-06,0.0042398071382194,0.0042428441811352,True
parallelkdepy,rotEstimator,cuda,1,10000,500,3.0240043997764587e-06,0.0046332629863172,0.004636286990717,True
parallelkdepy,rotEstimator,cuda,1,10000,500,3.4959521144628525e-06,0.0048171679954975,0.004820663947612,True
xentropy,botev,cpu,1,10000,500,2.544838935136795e-06,0.0089644708205014,0.0089670156594365,True
xentropy,botev,cpu,1,10000,500,1.2649688869714737e-06,0.0061763450503349,0.0061776100192219,True
xentropy,botev,cpu,1,10000,500,1.0360963642597198e-06,0.0066192580852657,0.00662029418163,True
xentropy,botev,cpu,1,10000,500,1.503853127360344e-06,0.0372715110424906,0.0372730148956179,True
xentropy,botev,cpu,1,10000,500,1.3289973139762878e-06,0.0089029178488999,0.0089042468462139,True
xentropy,botev,cpu,1,10000,500,1.1150259524583817e-06,0.0296677739825099,0.0296688890084624,True
xentropy,botev,cpu,1,10000,500,1.7259735614061356e-06,0.0133226481266319,0.0133243741001933,True
xentropy,botev,cpu,1,10000,500,1.1629890650510788e-06,0.0139887710101902,0.0139899339992553,True
xentropy,botev,cpu,1,10000,500,9.529758244752884e-07,0.0310120859649032,0.0310130389407277,True
xentropy,botev,cpu,1,10000,500,1.2831296771764755e-06,0.0154248680919408,0.015426151221618,True
scipy,scott,cpu,1,100000,500,0.0009338299278169,0.7370049031451344,0.7379387330729514,True
scipy,scott,cpu,1,100000,500,0.0079572699032723,0.7556999130174518,0.7636571829207242,True
scipy,scott,cpu,1,100000,500,0.0009236950427293,0.7225713529624045,0.7234950480051339,True
scipy,scott,cpu,1,100000,500,0.001066860044375,0.7148138638585806,0.7158807239029557,True
scipy,scott,cpu,1,100000,500,0.0009293011389672,0.7289974649902433,0.7299267661292106,True
scipy,scott,cpu,1,100000,500,0.0010518061462789,0.7375875788275152,0.7386393849737942,True
scipy,scott,cpu,1,100000,500,0.0073184648063033,0.7457052741665393,0.7530237389728427,True
scipy,scott,cpu,1,100000,500,0.0072657340206205,0.7168511969503015,0.7241169309709221,True
scipy,scott,cpu,1,100000,500,0.0009235069155693,0.723042445955798,0.7239659528713673,True
scipy,scott,cpu,1,100000,500,0.0010664479341357,0.7398076360113919,0.7408740839455277,True
sklearn,scott,cpu,1,100000,500,0.0201416769996285,0.8832228279206902,0.9033645049203188,True
sklearn,scott,cpu,1,100000,500,0.0201587448827922,0.9048523269593716,0.9250110718421638,True
sklearn,scott,cpu,1,100000,500,0.0202304511331021,0.8834798831958324,0.9037103343289346,True
sklearn,scott,cpu,1,100000,500,0.0203883580397814,0.9041152629069984,0.9245036209467798,True
sklearn,scott,cpu,1,100000,500,0.0205694350879639,0.8979339608922601,0.918503395980224,True
sklearn,scott,cpu,1,100000,500,0.0226088080089539,0.9519712361507118,0.9745800441596656,True
sklearn,scott,cpu,1,100000,500,0.0213148850016295,0.9507584888488054,0.972073373850435,True
sklearn,scott,cpu,1,100000,500,0.023206785088405,0.9345141840167344,0.9577209691051394,True
sklearn,scott,cpu,1,100000,500,0.0208848970942199,0.902245106175542,0.9231300032697618,True
sklearn,scott,cpu,1,100000,500,0.0202340299729257,0.8905467621516436,0.9107807921245694,True
statsmodels,scott,cpu,1,100000,500,3.376300446689129e-05,1.651093359105289,1.651127122109756,True
statsmodels,scott,cpu,1,100000,500,3.250199370086193e-05,1.05295937997289,1.0529918819665909,True
statsmodels,scott,cpu,1,100000,500,3.1613046303391457e-05,0.9418946350924672,0.9419262481387704,True
statsmodels,scott,cpu,1,100000,500,4.106597043573856e-05,0.928507175995037,0.9285482419654728,True
statsmodels,scott,cpu,1,100000,500,2.6063993573188785e-05,0.9126964469905944,0.9127225109841676,True
statsmodels,scott,cpu,1,100000,500,2.4429988116025925e-05,0.9215166168287396,0.9215410468168556,True
statsmodels,scott,cpu,1,100000,500,2.550799399614334e-05,0.9235773028340192,0.9236028108280152,True
statsmodels,scott,cpu,1,100000,500,2.643396146595478e-05,0.9219261589460076,0.9219525929074734,True
statsmodels,scott,cpu,1,100000,500,2.6548979803919792e-05,0.9323923999909312,0.9324189489707352,True
statsmodels,scott,cpu,1,100000,500,2.435804344713688e-05,0.9159017999190836,0.9159261579625309,True
kdepy,scott,cpu,1,100000,500,0.0028453238774091,0.0015544008929282,0.0043997247703373,True
kdepy,scott,cpu,1,100000,500,0.0026749509852379,0.0014286581426858,0.0041036091279238,True
kdepy,scott,cpu,1,100000,500,0.0026583620347082,0.0013771839439868,0.0040355459786951,True
kdepy,scott,cpu,1,100000,500,0.0026463267859071,0.0013739829882979,0.004020309774205,True
kdepy,scott,cpu,1,100000,500,0.0026504411362111,0.0013735860120505,0.0040240271482616,True
kdepy,scott,cpu,1,100000,500,0.0026476781349629,0.0013784780167043,0.0040261561516672,True
kdepy,scott,cpu,1,100000,500,0.0026736229192465,0.0015147551894187,0.0041883781086653,True
kdepy,scott,cpu,1,100000,500,0.0027150460518896,0.001432100078091,0.0041471461299806,True
kdepy,scott,cpu,1,100000,500,0.002665476873517,0.0014133751392364,0.0040788520127534,True
kdepy,scott,cpu,1,100000,500,0.002712677931413,0.0014148140326142,0.0041274919640272,True
kdepy,ISJ,cpu,1,100000,500,0.0048841089010238,0.0015070862136781,0.0063911951147019,True
kdepy,ISJ,cpu,1,100000,500,0.0050504531245678,0.001458927989006,0.0065093811135739,True
kdepy,ISJ,cpu,1,100000,500,0.0048736110329627,0.0014011340681463,0.0062747451011091,True
kdepy,ISJ,cpu,1,100000,500,0.0047467118129134,0.0014169318601489,0.0061636436730623,True
kdepy,ISJ,cpu,1,100000,500,0.0048082589637488,0.0014247810468077,0.0062330400105565,True
kdepy,ISJ,cpu,1,100000,500,0.0048674240242689,0.0014369201380759,0.0063043441623449,True
kdepy,ISJ,cpu,1,100000,500,0.0049783699214458,0.0014214420225471,0.0063998119439929,True
kdepy,ISJ,cpu,1,100000,500,0.0047695050016045,0.0013709219638258,0.0061404269654303,True
kdepy,ISJ,cpu,1,100000,500,0.004717927891761,0.0015512779355049,0.0062692058272659,True
kdepy,ISJ,cpu,1,100000,500,0.0050967261195182,0.0015354759525507,0.006632202072069,True
parallelkdepy,parallelEstimator,cpu,1,100000,500,6.0228630900383e-06,3.2498959170188755,3.249901939881965,True
parallelkdepy,parallelEstimator,cpu,1,100000,500,3.992114216089249e-06,3.375151626998558,3.3751556191127747,True
parallelkdepy,parallelEstimator,cpu,1,100000,500,4.904111847281456e-06,3.33549718814902,3.335502092260868,True
parallelkdepy,parallelEstimator,cpu,1,100000,500,4.749046638607979e-06,3.320661128964275,3.3206658780109137,True
parallelkdepy,parallelEstimator,cpu,1,100000,500,4.480825737118721e-06,3.395512473070994,3.395516953896731,True
parallelkdepy,parallelEstimator,cpu,1,100000,500,4.868954420089722e-06,3.4204322469886392,3.4204371159430598,True
parallelkdepy,parallelEstimator,cpu,1,100000,500,4.634028300642967e-06,3.408534834161401,3.408539468189701,True
parallelkdepy,parallelEstimator,cpu,1,100000,500,4.804925993084908e-06,3.459930766839534,3.459935571765527,True
parallelkdepy,parallelEstimator,cpu,1,100000,500,4.297122359275818e-06,3.509995548054576,3.509999845176935,True
parallelkdepy,parallelEstimator,cpu,1,100000,500,4.913890734314919e-06,3.444210042944178,3.4442149568349123,True
parallelkdepy,parallelEstimator,cuda,1,100000,500,6.000977009534836e-06,0.2635505010839551,0.2635565020609647,True
parallelkdepy,parallelEstimator,cuda,1,100000,500,5.966983735561371e-06,0.2655285261571407,0.2655344931408763,True
parallelkdepy,parallelEstimator,cuda,1,100000,500,4.915054887533188e-06,0.2641922989860177,0.2641972140409052,True
parallelkdepy,parallelEstimator,cuda,1,100000,500,4.4889748096466064e-06,0.2649584619794041,0.2649629509542137,True
parallelkdepy,parallelEstimator,cuda,1,100000,500,4.92599792778492e-06,0.2660426630172878,0.2660475890152156,True
parallelkdepy,parallelEstimator,cuda,1,100000,500,4.919944331049919e-06,0.2768119759857654,0.2768168959300965,True
parallelkdepy,parallelEstimator,cuda,1,100000,500,4.934147000312805e-06,0.278413426829502,0.2784183609765023,True
parallelkdepy,parallelEstimator,cuda,1,100000,500,4.698988050222397e-06,0.2664632708765566,0.2664679698646068,True
parallelkdepy,parallelEstimator,cuda,1,100000,500,5.171867087483406e-06,0.2702721760142594,0.2702773478813469,True
parallelkdepy,parallelEstimator,cuda,1,100000,500,4.502013325691223e-06,0.2732973759993911,0.2733018780127167,True
parallelkdepy,rotEstimator,cpu,1,100000,500,6.3569750636816025e-06,0.0539203230291605,0.0539266800042241,True
parallelkdepy,rotEstimator,cpu,1,100000,500,5.095032975077629e-06,0.0312131068203598,0.0312182018533349,True
parallelkdepy,rotEstimator,cpu,1,100000,500,4.383036866784096e-06,0.0415779780596494,0.0415823610965162,True
parallelkdepy,rotEstimator,cpu,1,100000,500,5.548819899559021e-06,0.0311731330584734,0.031178681878373,True
parallelkdepy,rotEstimator,cpu,1,100000,500,5.480833351612091e-06,0.0401376318186521,0.0401431126520037,True
parallelkdepy,rotEstimator,cpu,1,100000,500,4.938105121254921e-06,0.0309123310726135,0.0309172691777348,True
parallelkdepy,rotEstimator,cpu,1,100000,500,5.021924152970314e-06,0.0403399250935763,0.0403449470177292,True
parallelkdepy,rotEstimator,cpu,1,100000,500,5.100155249238014e-06,0.0300186288077384,0.0300237289629876,True
parallelkdepy,rotEstimator,cpu,1,100000,500,4.776054993271828e-06,0.0405330010689795,0.0405377771239727,True
parallelkdepy,rotEstimator,cpu,1,100000,500,5.24311326444149e-06,0.0307998380158096,0.030805081129074,True
parallelkdepy,rotEstimator,cuda,1,100000,500,5.098059773445129e-06,0.0050800528842955,0.005085150944069,True
parallelkdepy,rotEstimator,cuda,1,100000,500,4.230067133903503e-06,0.004942829022184,0.0049470590893179,True
parallelkdepy,rotEstimator,cuda,1,100000,500,4.134839400649071e-06,0.0055462489835917,0.0055503838229924,True
parallelkdepy,rotEstimator,cuda,1,100000,500,4.169996827840805e-06,0.0052716950885951,0.0052758650854229,True
parallelkdepy,rotEstimator,cuda,1,100000,500,3.877095878124237e-06,0.0056396229192614,0.0056435000151395,True
parallelkdepy,rotEstimator,cuda,1,100000,500,4.881992936134338e-06,0.0058730239979922,0.0058779059909284,True
parallelkdepy,rotEstimator,cuda,1,100000,500,4.449160769581795e-06,0.0063539890106767,0.0063584381714463,True
parallelkdepy,rotEstimator,cuda,1,100000,500,4.4568441808223724e-06,0.0152744690421968,0.0152789258863776,True
parallelkdepy,rotEstimator,cuda,1,100000,500,4.4300686568021774e-06,0.0047417220193892,0.004746152088046,True
parallelkdepy,rotEstimator,cuda,1,100000,500,4.247063770890236e-06,0.0047361601609736,0.0047404072247445,True
xentropy,botev,cpu,1,100000,500,3.395136445760727e-06,0.0402652958873659,0.0402686910238117,True
xentropy,botev,cpu,1,100000,500,1.9851140677928925e-06,0.0939841200597584,0.0939861051738262,True
xentropy,botev,cpu,1,100000,500,2.2049061954021454e-06,0.0540370990056544,0.0540393039118498,True
xentropy,botev,cpu,1,100000,500,2.025160938501358e-06,0.03352483198978,0.0335268571507185,True
xentropy,botev,cpu,1,100000,500,1.8279533833265305e-06,0.0394073310308158,0.0394091589841991,True
xentropy,botev,cpu,1,100000,500,2.5150366127491e-06,0.0345182181335985,0.0345207331702113,True
xentropy,botev,cpu,1,100000,500,2.1478626877069478e-06,0.1046227228362113,0.104624870698899,True
xentropy,botev,cpu,1,100000,500,1.9120052456855774e-06,0.050973166944459,0.0509750789497047,True
xentropy,botev,cpu,1,100000,500,2.002110704779625e-06,0.0648417130578309,0.0648437151685357,True
xentropy,botev,cpu,1,100000,500,2.432847395539284e-06,0.0344494020100683,0.0344518348574638,True
scipy,scott,cpu,2,1000,100,0.0003179679624736,0.1536392919952049,0.1539572599576786,True
scipy,scott,cpu,2,1000,100,0.0003171730786561,0.15905122901313,0.1593684020917862,True
scipy,scott,cpu,2,1000,100,0.0003082209732383,0.1441928290296346,0.1445010500028729,True
scipy,scott,cpu,2,1000,100,0.0003126949304714,0.1546103910077363,0.1549230859382078,True
scipy,scott,cpu,2,1000,100,0.0003133919090032,0.1460010390728712,0.1463144309818744,True
scipy,scott,cpu,2,1000,100,0.0003805950982496,0.1408230270026251,0.1412036221008747,True
scipy,scott,cpu,2,1000,100,0.0003029680810868,0.1418896879767999,0.1421926560578867,True
scipy,scott,cpu,2,1000,100,0.0003141770139336,0.1439218679443001,0.1442360449582338,True
scipy,scott,cpu,2,1000,100,0.0003121370682492,0.133503804099746,0.1338159411679953,True
scipy,scott,cpu,2,1000,100,0.0003054180415347,0.1414480439852923,0.141753462026827,True
sklearn,scott,cpu,2,1000,100,0.000572538934648,0.1927501859609037,0.1933227248955518,True
sklearn,scott,cpu,2,1000,100,0.0004871969576925,0.1924549989635124,0.1929421959212049,True
sklearn,scott,cpu,2,1000,100,0.0004839031025767,0.1947695160051807,0.1952534191077575,True
sklearn,scott,cpu,2,1000,100,0.0005214490229263,0.1959998439997434,0.1965212930226698,True
sklearn,scott,cpu,2,1000,100,0.0005217479774728,0.1956945180427283,0.1962162660202011,True
sklearn,scott,cpu,2,1000,100,0.0004997350042685,0.2044424810446798,0.2049422160489484,True
sklearn,scott,cpu,2,1000,100,0.0005031739128753,0.2048183829756453,0.2053215568885207,True
sklearn,scott,cpu,2,1000,100,0.0004892329452559,0.192857880028896,0.1933471129741519,True
sklearn,scott,cpu,2,1000,100,0.0005394379841163,0.1947504939744249,0.1952899319585412,True
sklearn,scott,cpu,2,1000,100,0.0004889840492978,0.1933287500869482,0.1938177341362461,True
statsmodels,normal_reference,cpu,2,1000,100,0.0001161560649052,0.6018127140123397,0.6019288700772449,True
statsmodels,normal_reference,cpu,2,1000,100,0.0001145189162343,0.5942440869985148,0.5943586059147492,True
statsmodels,normal_reference,cpu,2,1000,100,0.0001058509806171,0.6169765329686925,0.6170823839493096,True
statsmodels,normal_reference,cpu,2,1000,100,0.0001031670253723,0.6110377510776743,0.6111409181030467,True
statsmodels,normal_reference,cpu,2,1000,100,9.88519750535488e-05,0.591103102080524,0.5912019540555775,True
statsmodels,normal_reference,cpu,2,1000,100,9.640702046453951e-05,0.5883548560086638,0.5884512630291283,True
statsmodels,normal_reference,cpu,2,1000,100,0.0001019890187308,0.586529993917793,0.5866319829365239,True
statsmodels,normal_reference,cpu,2,1000,100,0.0001004330115392,0.5983453750377521,0.5984458080492914,True
statsmodels,normal_reference,cpu,2,1000,100,9.717489592731e-05,0.5970046611037105,0.5971018359996378,True
statsmodels,normal_reference,cpu,2,1000,100,9.860203135758638e-05,0.599108326015994,0.5992069280473515,True
parallelkdepy,parallelEstimator,cpu,2,1000,100,4.680943675339222e-06,12.81144129903987,12.811445979983546,True
parallelkdepy,parallelEstimator,cpu,2,1000,100,2.8209760785102844e-06,12.890073396964,12.890076217940075,True
parallelkdepy,parallelEstimator,cpu,2,1000,100,2.1801097318530083e-06,12.984292636043392,12.984294816153124,True
parallelkdepy,parallelEstimator,cpu,2,1000,100,2.9489165171980858e-06,12.502041222993284,12.502044171909802,True
parallelkdepy,parallelEstimator,cpu,2,1000,100,2.788030542433262e-06,12.913513500941916,12.91351628897246,True
parallelkdepy,parallelEstimator,cpu,2,1000,100,2.049957402050495e-06,12.551080981036648,12.55108303099405,True
parallelkdepy,parallelEstimator,cpu,2,1000,100,2.432032488286495e-06,12.876525182975456,12.876527615007944,True
parallelkdepy,parallelEstimator,cpu,2,1000,100,2.1829036995768547e-06,12.74496928602457,12.74497146892827,True
parallelkdepy,parallelEstimator,cpu,2,1000,100,2.415967173874378e-06,12.932457103044726,12.9324595190119,True
parallelkdepy,parallelEstimator,cpu,2,1000,100,2.559972926974297e-06,12.727344268001616,12.727346827974545,True
parallelkdepy,parallelEstimator,cuda,2,1000,100,3.363005816936493e-06,0.4144868359435349,0.4144901989493519,True
parallelkdepy,parallelEstimator,cuda,2,1000,100,2.0419247448444366e-06,0.3956853420240804,0.3956873839488253,True
parallelkdepy,parallelEstimator,cuda,2,1000,100,1.981970854103565e-06,0.5620404670480639,0.562042449018918,True
parallelkdepy,parallelEstimator,cuda,2,1000,100,2.2830208763480182e-06,0.3943447259953245,0.3943470090162009,True
parallelkdepy,parallelEstimator,cuda,2,1000,100,2.3799948394298558e-06,0.3935883149970323,0.3935906949918717,True
parallelkdepy,parallelEstimator,cuda,2,1000,100,2.20397487282753e-06,0.3997430730378255,0.3997452770126983,True
parallelkdepy,parallelEstimator,cuda,2,1000,100,2.252054400742054e-06,0.4024691560771316,0.4024714081315323,True
parallelkdepy,parallelEstimator,cuda,2,1000,100,2.786051481962204e-06,0.4040072269272059,0.4040100129786879,True
parallelkdepy,parallelEstimator,cuda,2,1000,100,2.075103111565113e-06,0.3963274650741368,0.3963295401772484,True
parallelkdepy,parallelEstimator,cuda,2,1000,100,2.0960578694939613e-06,0.4622939840191975,0.462296080077067,True
parallelkdepy,rotEstimator,cpu,2,1000,100,3.7458958104252815e-06,0.0013936400646343,0.0013973859604448,True
parallelkdepy,rotEstimator,cpu,2,1000,100,1.540989615023136e-06,0.0012981200125068,0.0012996610021218,True
parallelkdepy,rotEstimator,cpu,2,1000,100,1.2739328667521477e-06,0.0012346579460427,0.0012359318789094,True
parallelkdepy,rotEstimator,cpu,2,1000,100,1.528998836874962e-06,0.0012161990161985,0.0012177280150353,True
parallelkdepy,rotEstimator,cpu,2,1000,100,1.2479722499847412e-06,0.0012119719758629,0.0012132199481129,True
parallelkdepy,rotEstimator,cpu,2,1000,100,1.2150267139077189e-06,0.0012360810069367,0.0012372960336506,True
parallelkdepy,rotEstimator,cpu,2,1000,100,1.1490192264318466e-06,0.0012376550585031,0.0012388040777295,True
parallelkdepy,rotEstimator,cpu,2,1000,100,1.3189855962991714e-06,0.0012062720488756,0.0012075910344719,True
parallelkdepy,rotEstimator,cpu,2,1000,100,1.27498060464859e-06,0.0011981900315731,0.0011994650121778,True
parallelkdepy,rotEstimator,cpu,2,1000,100,1.2828968465328217e-06,0.0012034010142087,0.0012046839110553,True
parallelkdepy,rotEstimator,cuda,2,1000,100,2.8219074010849e-06,0.0043711330508813,0.0043739549582824,True
parallelkdepy,rotEstimator,cuda,2,1000,100,1.635984517633915e-06,0.0042251560371369,0.0042267920216545,True
parallelkdepy,rotEstimator,cuda,2,1000,100,2.5510089471936226e-06,0.0043066120706498,0.004309163079597,True
parallelkdepy,rotEstimator,cuda,2,1000,100,1.5778932720422745e-06,0.0052332149352878,0.0052347928285598,True
parallelkdepy,rotEstimator,cuda,2,1000,100,1.825043000280857e-06,0.0054086660966277,0.0054104911396279,True
parallelkdepy,rotEstimator,cuda,2,1000,100,1.7830170691013336e-06,0.0052117110462859,0.005213494063355,True
parallelkdepy,rotEstimator,cuda,2,1000,100,1.7669517546892166e-06,0.0051802369998767,0.0051820039516314,True
parallelkdepy,rotEstimator,cuda,2,1000,100,2.3460015654563904e-06,0.0055847190087661,0.0055870650103315,True
parallelkdepy,rotEstimator,cuda,2,1000,100,1.792912371456623e-06,0.0052595779998227,0.0052613709121942,True
parallelkdepy,rotEstimator,cuda,2,1000,100,1.9649742171168327e-06,0.0071392840472981,0.0071412490215152,True
scipy,scott,cpu,2,10000,100,0.000638265046291,1.7592714229831472,1.7599096880294385,True
scipy,scott,cpu,2,10000,100,0.0006215970497578,1.7866300279274585,1.787251624977216,True
scipy,scott,cpu,2,10000,100,0.0006684201071038,1.7627577208913865,1.7634261409984902,True
scipy,scott,cpu,2,10000,100,0.0006486230995506,1.7893471269635484,1.789995750063099,True
scipy,scott,cpu,2,10000,100,0.0006863179150968,1.914529296918772,1.915215614833869,True
scipy,scott,cpu,2,10000,100,0.0009864419698715,1.828007553005591,1.8289939949754623,True
scipy,scott,cpu,2,10000,100,0.0006367770256474,1.7438783569959924,1.7445151340216398,True
scipy,scott,cpu,2,10000,100,0.0006409919587895,1.7707950180629268,1.7714360100217164,True
scipy,scott,cpu,2,10000,100,0.0006192490691319,1.76389940304216,1.764518652111292,True
scipy,scott,cpu,2,10000,100,0.0006228090496733,1.772332584951073,1.7729553940007463,True
sklearn,scott,cpu,2,10000,100,0.0025442789774388,1.3785584110300988,1.3811026900075376,True
sklearn,scott,cpu,2,10000,100,0.0025763760786503,1.3233686359599233,1.3259450120385736,True
sklearn,scott,cpu,2,10000,100,0.0024827539455145,1.3515292910160497,1.3540120449615642,True
sklearn,scott,cpu,2,10000,100,0.002400149940513,1.360658701043576,1.363058850984089,True
sklearn,scott,cpu,2,10000,100,0.0025407939683645,1.3597210160223767,1.362261809990741,True
sklearn,scott,cpu,2,10000,100,0.0025918500032275,1.3405939859803766,1.3431858359836042,True
sklearn,scott,cpu,2,10000,100,0.0024340309901162,1.348208877025172,1.3506429080152884,True
sklearn,scott,cpu,2,10000,100,0.0039381020469591,1.331993550993502,1.3359316530404612,True
sklearn,scott,cpu,2,10000,100,0.0025437880540266,1.3541371149476618,1.3566809030016884,True
sklearn,scott,cpu,2,10000,100,0.0025015620049089,1.3544949759962035,1.3569965380011126,True
statsmodels,normal_reference,cpu,2,10000,100,0.0004129389999434,4.422302527003922,4.422715466003865,True
statsmodels,normal_reference,cpu,2,10000,100,0.0003764840075746,4.33147283794824,4.331849321955815,True
statsmodels,normal_reference,cpu,2,10000,100,0.0003873029490932,4.2947178250178695,4.295105127966963,True
statsmodels,normal_reference,cpu,2,10000,100,0.0004625570727512,4.355963750975207,4.356426308047958,True
statsmodels,normal_reference,cpu,2,10000,100,0.0004159809323027,4.347821559989825,4.348237540922128,True
statsmodels,normal_reference,cpu,2,10000,100,0.0004009349504485,4.305964498897083,4.306365433847532,True
statsmodels,normal_reference,cpu,2,10000,100,0.0003876331029459,4.28059730201494,4.2809849351178855,True
statsmodels,normal_reference,cpu,2,10000,100,0.0003751089097931,4.193457567947917,4.19383267685771,True
statsmodels,normal_reference,cpu,2,10000,100,0.0003754489589482,4.27274344000034,4.273118888959289,True
statsmodels,normal_reference,cpu,2,10000,100,0.0004094219766557,4.379398413002491,4.379807834979147,True
parallelkdepy,parallelEstimator,cpu,2,10000,100,3.3549731597304344e-06,13.54269770195242,13.54270105692558,True
parallelkdepy,parallelEstimator,cpu,2,10000,100,2.3080501705408096e-06,13.195483245886862,13.195485553937033,True
parallelkdepy,parallelEstimator,cpu,2,10000,100,1.9440194591879845e-06,13.492516407044604,13.492518351064064,True
parallelkdepy,parallelEstimator,cpu,2,10000,100,2.334010787308216e-06,13.33651545306202,13.336517787072808,True
parallelkdepy,parallelEstimator,cpu,2,10000,100,2.023065462708473e-06,13.471115923020989,13.471117946086451,True
parallelkdepy,parallelEstimator,cpu,2,10000,100,2.144952304661274e-06,13.790866179042496,13.7908683239948,True
parallelkdepy,parallelEstimator,cpu,2,10000,100,2.3049069568514824e-06,13.767892993055284,13.76789529796224,True
parallelkdepy,parallelEstimator,cpu,2,10000,100,1.9960571080446243e-06,13.615083359996788,13.615085356053896,True
parallelkdepy,parallelEstimator,cpu,2,10000,100,2.1560117602348328e-06,13.638254552031867,13.638256708043627,True
parallelkdepy,parallelEstimator,cpu,2,10000,100,2.559972926974297e-06,13.28410263301339,13.284105192986315,True
parallelkdepy,parallelEstimator,cuda,2,10000,100,2.44705006480217e-06,0.4142440999858081,0.4142465470358729,True
parallelkdepy,parallelEstimator,cuda,2,10000,100,2.282089553773403e-06,0.4078415340045467,0.4078438160941005,True
parallelkdepy,parallelEstimator,cuda,2,10000,100,1.742970198392868e-06,0.4288827350828796,0.428884478053078,True
parallelkdepy,parallelEstimator,cuda,2,10000,100,2.118060365319252e-06,0.4048572479514405,0.4048593660118058,True
parallelkdepy,parallelEstimator,cuda,2,10000,100,2.074986696243286e-06,0.4227222529007122,0.4227243278874084,True
parallelkdepy,parallelEstimator,cuda,2,10000,100,2.061016857624054e-06,0.4041528649395332,0.4041549259563908,True
parallelkdepy,parallelEstimator,cuda,2,10000,100,2.017943188548088e-06,0.4216362750157714,0.4216382929589599,True
parallelkdepy,parallelEstimator,cuda,2,10000,100,2.0819716155529022e-06,0.4017847430659458,0.4017868250375613,True
parallelkdepy,parallelEstimator,cuda,2,10000,100,1.9799917936325077e-06,0.4259868949884549,0.4259888749802485,True
parallelkdepy,parallelEstimator,cuda,2,10000,100,2.001994289457798e-06,0.404633849975653,0.4046358519699424,True
parallelkdepy,rotEstimator,cpu,2,10000,100,2.1689338609576225e-06,0.0074892950942739,0.0074914640281349,True
parallelkdepy,rotEstimator,cpu,2,10000,100,1.383945345878601e-06,0.0080417860299348,0.0080431699752807,True
parallelkdepy,rotEstimator,cpu,2,10000,100,2.09989957511425e-06,0.0305545020382851,0.0305566019378602,True
parallelkdepy,rotEstimator,cpu,2,10000,100,2.091983333230018e-06,0.0072516739601269,0.0072537659434601,True
parallelkdepy,rotEstimator,cpu,2,10000,100,2.27498821914196e-06,0.0073817520169541,0.0073840270051732,True
parallelkdepy,rotEstimator,cpu,2,10000,100,1.4370307326316831e-06,0.0077106709359213,0.007712107966654,True
parallelkdepy,rotEstimator,cpu,2,10000,100,1.919921487569809e-06,0.013870200025849,0.0138721199473366,True
parallelkdepy,rotEstimator,cpu,2,10000,100,2.0259758457541466e-06,0.0108175670029595,0.0108195929788053,True
parallelkdepy,rotEstimator,cpu,2,10000,100,1.7349375411868095e-06,0.0067862720461562,0.0067880069836974,True
parallelkdepy,rotEstimator,cpu,2,10000,100,1.408974640071392e-06,0.0070724150864407,0.0070738240610808,True
parallelkdepy,rotEstimator,cuda,2,10000,100,2.63808760792017e-06,0.0048782560043036,0.0048808940919116,True
parallelkdepy,rotEstimator,cuda,2,10000,100,2.3739412426948547e-06,0.0047621720004826,0.0047645459417253,True
parallelkdepy,rotEstimator,cuda,2,10000,100,2.090935595333576e-06,0.0046045259805396,0.0046066169161349,True
parallelkdepy,rotEstimator,cuda,2,10000,100,1.643085852265358e-06,0.0046086700167506,0.0046103131026029,True
parallelkdepy,rotEstimator,cuda,2,10000,100,1.811073161661625e-06,0.0045888329623267,0.0045906440354883,True
parallelkdepy,rotEstimator,cuda,2,10000,100,1.6919802874326706e-06,0.0044619850814342,0.0044636770617216,True
parallelkdepy,rotEstimator,cuda,2,10000,100,1.424923539161682e-06,0.0044064909452572,0.0044079158687964,True
parallelkdepy,rotEstimator,cuda,2,10000,100,1.93202868103981e-06,0.0045779990032315,0.0045799310319125,True
parallelkdepy,rotEstimator,cuda,2,10000,100,1.783948391675949e-06,0.0045277690514922,0.0045295529998838,True
parallelkdepy,rotEstimator,cuda,2,10000,100,1.7889542505145073e-06,0.0061450690263882,0.0061468579806387,True
scipy,scott,cpu,2,100000,100,0.006038352032192,16.82421776803676,16.830256120068952,True
scipy,scott,cpu,2,100000,100,0.00608232896775,16.792143307975493,16.798225636943243,True
scipy,scott,cpu,2,100000,100,0.0059028180548921,16.913386464933865,16.919289282988757,True
scipy,scott,cpu,2,100000,100,0.0099053439917042,16.888289551017806,16.89819489500951,True
scipy,scott,cpu,2,100000,100,0.0073165299836546,16.641098711057566,16.64841524104122,True
scipy,scott,cpu,2,100000,100,0.0077675089705735,16.729802176938392,16.737569685908966,True
scipy,scott,cpu,2,100000,100,0.0093112339964136,16.78393767005764,16.793248904054053,True
scipy,scott,cpu,2,100000,100,0.0059541210066527,16.67225841805339,16.67821253906004,True
scipy,scott,cpu,2,100000,100,0.0095639619976282,16.52882570703514,16.538389669032767,True
scipy,scott,cpu,2,100000,100,0.0057635370176285,17.087010317016393,17.09277385403402,True
sklearn,scott,cpu,2,100000,100,0.0372917279601097,15.130294120986946,15.167585848947056,True
sklearn,scott,cpu,2,100000,100,0.0388413720065727,17.390423028031364,17.429264400037937,True
sklearn,scott,cpu,2,100000,100,0.0369124540593475,15.067179199075326,15.104091653134674,True
sklearn,scott,cpu,2,100000,100,0.0471632150001823,15.154374868026936,15.201538083027115,True
sklearn,scott,cpu,2,100000,100,0.0496097060386091,14.95654200296849,15.0061517090071,True
sklearn,scott,cpu,2,100000,100,0.0366821279749274,15.07768639700953,15.114368524984457,True
sklearn,scott,cpu,2,100000,100,0.0367740959627553,15.418893900001422,15.455667995964175,True
sklearn,scott,cpu,2,100000,100,0.0392646580003201,15.48183158203028,15.521096240030602,True
sklearn,scott,cpu,2,100000,100,0.0360841639339923,15.053988025989383,15.090072189923376,True
sklearn,scott,cpu,2,100000,100,0.0434202679898589,15.332610722980462,15.37603099097032,True
statsmodels,normal_reference,cpu,2,100000,100,0.0032973069464787,50.24756374000572,50.2508610469522,True
statsmodels,normal_reference,cpu,2,100000,100,0.0032428740523755,50.668018409051,50.67126128310338,True
statsmodels,normal_reference,cpu,2,100000,100,0.0036218160530552,51.173453537980095,51.17707535403315,True
statsmodels,normal_reference,cpu,2,100000,100,0.0036886709276586,51.6921874450054,51.69587611593306,True
statsmodels,normal_reference,cpu,2,100000,100,0.0036229720572009,50.99810493807309,51.001727910130285,True
statsmodels,normal_reference,cpu,2,100000,100,0.0035439420025795,51.5094852730399,51.51302921504248,True
statsmodels,normal_reference,cpu,2,100000,100,0.0033339819638058,51.31365755596198,51.31699153792579,True
statsmodels,normal_reference,cpu,2,100000,100,0.003419070970267,51.11208434100263,51.115503411972895,True
statsmodels,normal_reference,cpu,2,100000,100,0.0032654789974913,51.10659246693831,51.1098579459358,True
statsmodels,normal_reference,cpu,2,100000,100,0.0034748469479382,50.96955410693772,50.97302895388566,True
parallelkdepy,parallelEstimator,cpu,2,100000,100,4.232046194374561e-06,18.96508964395616,18.96509387600236,True
parallelkdepy,parallelEstimator,cpu,2,100000,100,2.268003299832344e-06,19.136559148086235,19.13656141608953,True
parallelkdepy,parallelEstimator,cpu,2,100000,100,2.3099128156900406e-06,18.87743067299016,18.87743298290297,True
parallelkdepy,parallelEstimator,cpu,2,100000,100,2.078944817185402e-06,18.72855274099857,18.728554819943383,True
parallelkdepy,parallelEstimator,cpu,2,100000,100,2.2810418158769608e-06,18.84542019898072,18.84542248002253,True
parallelkdepy,parallelEstimator,cpu,2,100000,100,2.1350570023059845e-06,19.20570280298125,19.20570493803825,True
parallelkdepy,parallelEstimator,cpu,2,100000,100,2.100015990436077e-06,18.87326006696094,18.87326216697693,True
parallelkdepy,parallelEstimator,cpu,2,100000,100,2.244953066110611e-06,18.828769405023195,18.82877164997626,True
parallelkdepy,parallelEstimator,cpu,2,100000,100,2.351938746869564e-06,18.6615150970174,18.661517448956147,True
parallelkdepy,parallelEstimator,cpu,2,100000,100,2.299901098012924e-06,18.983716424088925,18.983718723990023,True
parallelkdepy,parallelEstimator,cuda,2,100000,100,2.8620706871151924e-06,0.5976106249727309,0.597613487043418,True
parallelkdepy,parallelEstimator,cuda,2,100000,100,2.5390181690454483e-06,0.5951064249966294,0.5951089640147984,True
parallelkdepy,parallelEstimator,cuda,2,100000,100,2.122018486261368e-06,0.5959029420046136,0.5959050640230998,True
parallelkdepy,parallelEstimator,cuda,2,100000,100,1.901062205433845e-06,0.5976621450390667,0.5976640461012721,True
parallelkdepy,parallelEstimator,cuda,2,100000,100,2.322020009160042e-06,0.5952932309592143,0.5952955529792234,True
parallelkdepy,parallelEstimator,cuda,2,100000,100,2.186978235840797e-06,0.5993817129638046,0.5993838999420404,True
parallelkdepy,parallelEstimator,cuda,2,100000,100,2.138083800673485e-06,0.6040783299831674,0.604080468066968,True
parallelkdepy,parallelEstimator,cuda,2,100000,100,2.233078703284264e-06,0.6014690939337015,0.6014713270124048,True
parallelkdepy,parallelEstimator,cuda,2,100000,100,2.2619497030973434e-06,0.5966096619376913,0.5966119238873944,True
parallelkdepy,parallelEstimator,cuda,2,100000,100,2.2760359570384026e-06,0.6048238120274618,0.6048260880634189,True
parallelkdepy,rotEstimator,cpu,2,100000,100,3.7240097299218178e-06,0.0930032239994034,0.0930069480091333,True
parallelkdepy,rotEstimator,cpu,2,100000,100,2.456014044582844e-06,0.0804112839978188,0.0804137400118634,True
parallelkdepy,rotEstimator,cpu,2,100000,100,2.7060741558671e-06,0.0802725399844348,0.0802752460585907,True
parallelkdepy,rotEstimator,cpu,2,100000,100,2.3980392143130302e-06,0.0803980759810656,0.0804004740202799,True
parallelkdepy,rotEstimator,cpu,2,100000,100,2.6830239221453667e-06,0.0797736790264025,0.0797763620503246,True
parallelkdepy,rotEstimator,cpu,2,100000,100,2.795946784317493e-06,0.080818397924304,0.0808211938710883,True
parallelkdepy,rotEstimator,cpu,2,100000,100,2.666027285158634e-06,0.0801892139716073,0.0801918799988925,True
parallelkdepy,rotEstimator,cpu,2,100000,100,2.717948518693447e-06,0.0804049279540777,0.0804076459025964,True
parallelkdepy,rotEstimator,cpu,2,100000,100,2.591987140476704e-06,0.0677691270830109,0.0677717190701514,True
parallelkdepy,rotEstimator,cpu,2,100000,100,3.1050294637680054e-06,0.0865991360042244,0.0866022410336881,True
parallelkdepy,rotEstimator,cuda,2,100000,100,3.1569506973028183e-06,0.0058302080724388,0.0058333650231361,True
parallelkdepy,rotEstimator,cuda,2,100000,100,2.2120075300335884e-06,0.0055874120444059,0.0055896240519359,True
parallelkdepy,rotEstimator,cuda,2,100000,100,2.2739404812455177e-06,0.0056808039080351,0.0056830778485164,True
parallelkdepy,rotEstimator,cuda,2,100000,100,2.310960553586483e-06,0.0054738370236009,0.0054761479841545,True
parallelkdepy,rotEstimator,cuda,2,100000,100,2.042972482740879e-06,0.0053937199991196,0.0053957629716023,True
parallelkdepy,rotEstimator,cuda,2,100000,100,2.209912054240704e-06,0.0190248470753431,0.0190270569873973,True
parallelkdepy,rotEstimator,cuda,2,100000,100,2.2420426830649376e-06,0.0059001928893849,0.0059024349320679,True
parallelkdepy,rotEstimator,cuda,2,100000,100,2.220040187239647e-06,0.005894562928006,0.0058967829681932,True
parallelkdepy,rotEstimator,cuda,2,100000,100,3.368011675775051e-06,0.005652914987877,0.0056562829995527,True
parallelkdepy,rotEstimator,cuda,2,100000,100,2.488028258085251e-06,0.0055875630350783,0.0055900510633364,True
scipy,scott,cpu,2,1000000,100,0.0640828440664336,150.00647049990948,150.07055334397592,True
scipy,scott,cpu,2,1000000,100,0.0678890979615971,149.23089274193626,149.29878183989786,True
scipy,scott,cpu,2,1000000,100,0.0708304189611226,150.25206249509938,150.3228929140605,True
scipy,scott,cpu,2,1000000,100,0.0971537199802696,148.76956717006397,148.86672089004423,True
scipy,scott,cpu,2,1000000,100,0.0721958490321412,149.67178383399732,149.7439796830295,True
scipy,scott,cpu,2,1000000,100,0.0705239550443366,149.23284556297585,149.3033695180202,True
scipy,scott,cpu,2,1000000,100,0.0983706660335883,150.75912506505847,150.85749573109206,True
scipy,scott,cpu,2,1000000,100,0.0742414189735427,149.26486047403887,149.3391018930124,True
scipy,scott,cpu,2,1000000,100,0.0758486930280923,148.84625765902456,148.92210635205265,True
scipy,scott,cpu,2,1000000,100,0.0671191459987312,149.6904949460877,149.75761409208644,True
sklearn,scott,cpu,2,1000000,100,0.6125151889864355,212.87432747497223,213.48684266395867,True
sklearn,scott,cpu,2,1000000,100,0.6096595149720088,212.35185024689417,212.96150976186615,True
sklearn,scott,cpu,2,1000000,100,0.628525317995809,212.0443009000737,212.67282621806956,True
sklearn,scott,cpu,2,1000000,100,0.6235505980439484,212.49771271203645,213.1212633100804,True
sklearn,scott,cpu,2,1000000,100,0.6560000310419127,212.50533076899592,213.16133080003783,True
sklearn,scott,cpu,2,1000000,100,0.6354008450871333,211.91503681708127,212.5504376621684,True
sklearn,scott,cpu,2,1000000,100,0.6222152389818802,212.6827959830407,213.30501122202256,True
sklearn,scott,cpu,2,1000000,100,0.6190393879078329,212.35778051509988,212.9768199030077,True
sklearn,scott,cpu,2,1000000,100,0.6239530459279194,211.7225462319329,212.3464992778609,True
sklearn,scott,cpu,2,1000000,100,0.6989302419824526,212.4787747149821,213.1777049569646,True
statsmodels,normal_reference,cpu,2,1000000,100,0.0396506239194422,618.3933477669489,618.4329983908683,True
statsmodels,normal_reference,cpu,2,1000000,100,0.0363773739663884,617.5427333969856,617.579110770952,True
statsmodels,normal_reference,cpu,2,1000000,100,0.0389961169566959,615.7603257229785,615.7993218399351,True
statsmodels,normal_reference,cpu,2,1000000,100,0.0369970180327072,617.1892407370033,617.226237755036,True
statsmodels,normal_reference,cpu,2,1000000,100,0.0375142690027132,616.2158194918884,616.2533337608911,True
statsmodels,normal_reference,cpu,2,1000000,100,0.0357119210530072,614.9127394099487,614.9484513310017,True
statsmodels,normal_reference,cpu,2,1000000,100,0.0359797419514507,617.9778267400106,618.0138064819621,True
statsmodels,normal_reference,cpu,2,1000000,100,0.0367594839772209,618.3267858480103,618.3635453319876,True
statsmodels,normal_reference,cpu,2,1000000,100,0.0356183629482984,615.7592233690666,615.7948417320149,True
statsmodels,normal_reference,cpu,2,1000000,100,0.0359402829781174,618.8922968599945,618.9282371429726,True
parallelkdepy,parallelEstimator,cpu,2,1000000,100,2.98104714602232e-06,81.78817883401643,81.78818181506358,True
parallelkdepy,parallelEstimator,cpu,2,1000000,100,2.161017619073391e-06,81.89922436699271,81.89922652801033,True
parallelkdepy,parallelEstimator,cpu,2,1000000,100,2.6319175958633423e-06,81.94663913501427,81.94664176693186,True
parallelkdepy,parallelEstimator,cpu,2,1000000,100,2.469983883202076e-06,81.72275686101057,81.72275933099445,True
parallelkdepy,parallelEstimator,cpu,2,1000000,100,2.1209707483649254e-06,82.04216258297674,82.04216470394749,True
parallelkdepy,parallelEstimator,cpu,2,1000000,100,2.4640467017889023e-06,81.9420419059461,81.9420443699928,True
parallelkdepy,parallelEstimator,cpu,2,1000000,100,2.191984094679356e-06,81.73330376204103,81.73330595402513,True
parallelkdepy,parallelEstimator,cpu,2,1000000,100,2.254033461213112e-06,81.43272125103977,81.43272350507323,True
parallelkdepy,parallelEstimator,cpu,2,1000000,100,2.4830223992466927e-06,81.19874158699531,81.19874407001771,True
parallelkdepy,parallelEstimator,cpu,2,1000000,100,2.168002538383007e-06,82.03724558791146,82.037247755914,True
parallelkdepy,parallelEstimator,cuda,2,1000000,100,6.161979399621487e-06,2.806806582026184,2.8068127440055832,True
parallelkdepy,parallelEstimator,cuda,2,1000000,100,2.74099875241518e-06,2.7649973429506645,2.765000083949417,True
parallelkdepy,parallelEstimator,cuda,2,1000000,100,2.0869774743914604e-06,2.7362037650309503,2.7362058520084247,True
parallelkdepy,parallelEstimator,cuda,2,1000000,100,1.9760336726903915e-06,2.7321133560035378,2.7321153320372105,True
parallelkdepy,parallelEstimator,cuda,2,1000000,100,2.2010644897818565e-06,2.7872764370404184,2.787278638104908,True
parallelkdepy,parallelEstimator,cuda,2,1000000,100,2.2508902475237846e-06,2.803440639982,2.8034428908722475,True
parallelkdepy,parallelEstimator,cuda,2,1000000,100,2.129003405570984e-06,2.82882304105442,2.8288251700578257,True
parallelkdepy,parallelEstimator,cuda,2,1000000,100,2.013053745031357e-06,2.759890218032524,2.759892231086269,True
parallelkdepy,parallelEstimator,cuda,2,1000000,100,2.399901859462261e-06,2.8339247999247164,2.833927199826576,True
parallelkdepy,parallelEstimator,cuda,2,1000000,100,2.596992999315262e-06,2.8088180689373985,2.808820665930398,True
parallelkdepy,rotEstimator,cpu,2,1000000,100,3.1079398468136787e-06,0.7553856068989262,0.755388714838773,True
parallelkdepy,rotEstimator,cpu,2,1000000,100,2.366025000810623e-06,1.2407355169998482,1.240737883024849,True
parallelkdepy,rotEstimator,cpu,2,1000000,100,2.4620676413178444e-06,0.7407748639816418,0.7407773260492831,True
parallelkdepy,rotEstimator,cpu,2,1000000,100,2.119923010468483e-06,1.2376347299432382,1.237636849866249,True
parallelkdepy,rotEstimator,cpu,2,1000000,100,2.6399502530694008e-06,0.7457790420157835,0.7457816819660366,True
parallelkdepy,rotEstimator,cpu,2,1000000,100,2.6479829102754597e-06,1.2518694719765335,1.2518721199594438,True
parallelkdepy,rotEstimator,cpu,2,1000000,100,2.6848865672945976e-06,0.7580191879533231,0.7580218728398904,True
parallelkdepy,rotEstimator,cpu,2,1000000,100,2.316082827746868e-06,1.2692896289518103,1.269291945034638,True
parallelkdepy,rotEstimator,cpu,2,1000000,100,2.625049091875553e-06,0.7372213019989431,0.737223927048035,True
parallelkdepy,rotEstimator,cpu,2,1000000,100,2.2490276023745537e-06,1.2842181889573112,1.2842204379849136,True
parallelkdepy,rotEstimator,cuda,2,1000000,100,2.668006345629692e-06,0.0152792120352387,0.0152818800415843,True
parallelkdepy,rotEstimator,cuda,2,1000000,100,2.089072950184345e-06,0.0151174489874392,0.0151195380603894,True
parallelkdepy,rotEstimator,cuda,2,1000000,100,2.139946445822716e-06,0.0150263420073315,0.0150284819537773,True
parallelkdepy,rotEstimator,cuda,2,1000000,100,2.209912054240704e-06,0.0152679689927026,0.0152701789047569,True
parallelkdepy,rotEstimator,cuda,2,1000000,100,2.0168954506516457e-06,0.0202529899543151,0.0202550068497657,True
parallelkdepy,rotEstimator,cuda,2,1000000,100,2.1060695871710777e-06,0.0153912509558722,0.0153933570254594,True
parallelkdepy,rotEstimator,cuda,2,1000000,100,1.9529834389686584e-06,0.0157740770373493,0.0157760300207883,True
parallelkdepy,rotEstimator,cuda,2,1000000,100,2.049957402050495e-06,0.015477813896723,0.0154798638541251,True
parallelkdepy,rotEstimator,cuda,2,1000000,100,1.9649742171168327e-06,0.0146998889977112,0.0147018539719283,True
parallelkdepy,rotEstimator,cuda,2,1000000,100,1.9329600036144257e-06,0.0165756039787083,0.016577536938712,True
